cell_id,genotype1,genotype2
c1,0;1;3;4;6;10;12;13;16;18;19;21;23;25;26;27;28;30;33;34;35;38;41;46;47;48,
c2,0;1;3;9;10;11;13;21;22;26;28;29;31;38;40;46;47,
c3,0;1;3;5;10;13;14;17;21;26;28;38;39;44;46;47,
c4,0;1;3;5;10;13;14;17;21;26;28;38;39;44;46;47,
c5,0;1;10;13;21;26;28;46;47,
c6,0;1;3;4;6;10;12;13;16;18;19;21;23;25;26;27;28;30;33;34;35;38;41;46;47;48,0;1;3;4;6;10;12;13;16;18;19;21;23;25;26;27;28;30;33;34;35;38;41;46;47;48
c7,0;1;3;5;10;13;14;17;21;26;28;38;39;44;46;47,
c8,0;1;3;9;10;11;13;21;22;26;28;29;31;38;40;46;47,
c9,0;1;3;6;10;12;13;16;19;21;25;26;28;30;38;46;47,
c10,0;1;10;13;21;26;28;46;47,0;1;10;13;21;26;28;46;47
c11,0;1;3;4;6;10;12;13;16;18;19;21;23;25;26;27;28;30;33;34;35;38;41;46;47;48,
c12,0;1;3;4;6;10;12;13;16;18;19;21;23;25;26;27;28;30;33;34;35;38;41;46;47;48,
c13,0;10;13;26;28,
c14,0;1;3;6;10;12;13;16;19;21;25;26;28;30;38;46;47,
c15,0;1;2;3;4;6;12;13;16;18;19;20;21;23;25;27;28;30;32;33;34;35;38;41;46;47;48,
c16,0;1;10;13;21;26;28;46;47,
c17,0;1;3;6;10;12;13;16;19;21;25;26;28;30;38;46;47,
c18,0;1;3;4;6;10;12;13;16;18;19;21;23;25;26;27;28;30;33;34;35;38;41;46;47;48,
c19,0;1;10;13;21;26;28;46;47,
c20,0;1;10;13;21;26;28;46;47,
c21,0;1;3;5;10;13;14;17;21;26;28;38;39;44;46;47,
c22,0;1;3;4;6;10;12;13;16;18;19;21;23;25;26;27;28;30;33;34;35;38;41;46;47;48,
c23,0;1;3;4;6;10;12;13;16;18;19;21;23;25;26;27;28;30;33;34;35;38;41;46;47;48,
c24,0;1;3;4;6;10;12;13;16;18;19;21;23;25;26;27;28;30;33;34;35;38;41;46;47;48,
c25,0;1;2;3;4;6;12;13;16;18;19;20;21;23;25;27;28;30;32;33;34;35;38;41;46;47;48,
c26,0;1;3;5;10;13;14;17;21;26;28;38;39;44;46;47,
c27,0;1;10;13;21;26;28;46;47,
c28,0;1;10;13;21;26;28;46;47,0;1;3;5;7;8;10;13;14;15;17;21;24;26;28;36;37;38;39;42;43;44;45;46;47;49
c29,0;1;3;6;10;12;13;16;19;21;25;26;28;30;38;46;47,
c30,0;10;13;26;28,0;1;10;13;21;26;28;46;47
c31,0;1;3;6;10;12;13;16;19;21;25;26;28;30;38;46;47,
c32,0;1;3;5;7;10;13;14;17;21;24;26;28;36;38;39;42;44;46;47;49,0;1;3;4;6;10;12;13;16;18;19;21;23;25;26;27;28;30;33;34;35;38;41;46;47;48
c33,0;1;3;6;10;12;13;16;19;21;25;26;28;30;38;46;47,
c34,0;1;10;13;21;26;28;46;47,
c35,0;1;3;5;10;13;14;17;21;26;28;38;39;44;46;47,
c36,0;1;3;4;6;10;12;13;16;18;19;21;23;25;26;27;28;30;33;34;35;38;41;46;47;48,0;1;3;4;6;10;12;13;16;18;19;21;23;25;26;27;28;30;33;34;35;38;41;46;47;48
c37,0;1;10;13;21;26;28;46;47,
c38,0;1;3;10;13;21;26;28;38;46;47,
c39,0;1;3;6;10;12;13;16;19;21;25;26;28;30;38;46;47,
c40,0;10;13;26;28,
c41,0;1;3;4;6;10;12;13;16;18;19;21;23;25;26;27;28;30;33;34;35;38;41;46;47;48,
c42,0;10;13;26;28,
c43,0;1;3;9;10;11;13;21;22;26;28;29;31;38;40;46;47,
c44,0;1;10;13;21;26;28;46;47,
c45,0;1;2;3;4;6;12;13;16;18;19;20;21;23;25;27;28;30;32;33;34;35;38;41;46;47;48,
c46,0;1;3;10;13;21;26;28;38;46;47,
c47,0;1;3;5;10;13;14;17;21;26;28;38;39;44;46;47,
c48,0;1;3;5;7;10;13;14;17;21;24;26;28;36;38;39;42;44;46;47;49,
c49,0;1;2;3;4;6;12;13;16;18;19;20;21;23;25;27;28;30;32;33;34;35;38;41;46;47;48,
c50,0;1;2;3;4;6;12;13;16;18;19;20;21;23;25;27;28;30;32;33;34;35;38;41;46;47;48,
c51,0;10;13;26;28,
c52,0;1;10;13;21;26;28;46;47,
c53,0;10;13;26;28,
c54,0;1;3;5;10;13;14;17;21;26;28;38;39;44;46;47,0;1;3;5;7;8;10;13;14;15;17;21;24;26;28;36;37;38;39;42;43;44;45;46;47;49
c55,0;1;3;4;6;10;12;13;16;18;19;21;23;25;26;27;28;30;33;34;35;38;41;46;47;48,
c56,0;1;3;5;7;8;10;13;14;15;17;21;24;26;28;36;37;38;39;42;43;44;45;46;47;49,
c57,0;1;3;9;10;11;13;21;22;26;28;29;31;38;40;46;47,
c58,0;1;3;5;7;10;13;14;17;21;24;26;28;36;38;39;42;44;46;47;49,
c59,0;1;3;5;7;8;10;13;14;15;17;21;24;26;28;36;37;38;39;42;43;44;45;46;47;49,
c60,0;1;3;10;13;21;26;28;38;46;47,
c61,0;1;3;5;10;13;14;17;21;26;28;38;39;44;46;47,0;1;3;9;10;11;13;21;22;26;28;29;31;38;40;46;47
c62,0;1;3;4;6;10;12;13;16;18;19;21;23;25;26;27;28;30;33;34;35;38;41;46;47;48,0;1;3;4;6;10;12;13;16;18;19;21;23;25;26;27;28;30;33;34;35;38;41;46;47;48
c63,0;1;3;10;13;21;26;28;38;46;47,
c64,0;1;3;10;13;21;26;28;38;46;47,
c65,0;1;10;13;21;26;28;46;47,
c66,0;1;3;5;7;8;10;13;14;15;17;21;24;26;28;36;37;38;39;42;43;44;45;46;47;49,
c67,0;1;3;5;10;13;14;17;21;26;28;38;39;44;46;47,
c68,0;1;2;3;4;6;12;13;16;18;19;20;21;23;25;27;28;30;32;33;34;35;38;41;46;47;48,
c69,0;1;10;13;21;26;28;46;47,
c70,0;1;3;10;13;21;26;28;38;46;47,
c71,0;10;13;26;28,
c72,0;1;3;5;10;13;14;17;21;26;28;38;39;44;46;47,0;1;3;6;10;12;13;16;19;21;25;26;28;30;38;46;47
c73,0;1;3;5;7;8;10;13;14;15;17;21;24;26;28;36;37;38;39;42;43;44;45;46;47;49,
c74,0;1;2;3;4;6;12;13;16;18;19;20;21;23;25;27;28;30;32;33;34;35;38;41;46;47;48,
c75,0;1;3;4;6;10;12;13;16;18;19;21;23;25;26;27;28;30;33;34;35;38;41;46;47;48,
c76,0;1;10;13;21;26;28;46;47,
c77,0;1;3;10;13;21;26;28;38;46;47,
c78,0;1;3;9;10;11;13;21;22;26;28;29;31;38;40;46;47,
c79,0;1;2;3;4;6;12;13;16;18;19;20;21;23;25;27;28;30;32;33;34;35;38;41;46;47;48,
c80,0;10;13;26;28,
c81,0;1;3;5;10;13;14;17;21;26;28;38;39;44;46;47,
c82,0;1;3;5;7;10;13;14;17;21;24;26;28;36;38;39;42;44;46;47;49,
c83,0;1;3;5;7;8;10;13;14;15;17;21;24;26;28;36;37;38;39;42;43;44;45;46;47;49,
c84,0;1;3;6;10;12;13;16;19;21;25;26;28;30;38;46;47,
c85,0;1;2;3;4;6;12;13;16;18;19;20;21;23;25;27;28;30;32;33;34;35;38;41;46;47;48,0;1;10;13;21;26;28;46;47
c86,0;1;3;4;6;10;12;13;16;18;19;21;23;25;26;27;28;30;33;34;35;38;41;46;47;48,
c87,0;1;3;4;6;10;12;13;16;18;19;21;23;25;26;27;28;30;33;34;35;38;41;46;47;48,
c88,0;1;10;13;21;26;28;46;47,
c89,0;1;3;5;7;8;10;13;14;15;17;21;24;26;28;36;37;38;39;42;43;44;45;46;47;49,
c90,0;1;2;3;4;6;12;13;16;18;19;20;21;23;25;27;28;30;32;33;34;35;38;41;46;47;48,
c91,0;1;3;5;7;8;10;13;14;15;17;21;24;26;28;36;37;38;39;42;43;44;45;46;47;49,
c92,0;1;3;10;13;21;26;28;38;46;47,
c93,0;1;2;3;4;6;12;13;16;18;19;20;21;23;25;27;28;30;32;33;34;35;38;41;46;47;48,
c94,0;1;10;13;21;26;28;46;47,
c95,0;1;3;5;10;13;14;17;21;26;28;38;39;44;46;47,
c96,0;1;2;3;4;6;12;13;16;18;19;20;21;23;25;27;28;30;32;33;34;35;38;41;46;47;48,
c97,0;1;3;4;6;10;12;13;16;18;19;21;23;25;26;27;28;30;33;34;35;38;41;46;47;48,0;10;13;26;28
c98,0;1;3;5;7;8;10;13;14;15;17;21;24;26;28;36;37;38;39;42;43;44;45;46;47;49,
c99,0;1;3;5;7;10;13;14;17;21;24;26;28;36;38;39;42;44;46;47;49,0;10;13;26;28
c100,0;1;3;5;10;13;14;17;21;26;28;38;39;44;46;47,
c101,0;1;3;9;10;11;13;21;22;26;28;29;31;38;40;46;47,
c102,0;1;3;4;6;10;12;13;16;18;19;21;23;25;26;27;28;30;33;34;35;38;41;46;47;48,
c103,0;1;3;9;10;11;13;21;22;26;28;29;31;38;40;46;47,
c104,0;1;3;5;7;8;10;13;14;15;17;21;24;26;28;36;37;38;39;42;43;44;45;46;47;49,
c105,0;1;3;5;7;10;13;14;17;21;24;26;28;36;38;39;42;44;46;47;49,0;1;3;5;10;13;14;17;21;26;28;38;39;44;46;47
c106,0;1;3;5;7;8;10;13;14;15;17;21;24;26;28;36;37;38;39;42;43;44;45;46;47;49,
c107,0;1;3;6;10;12;13;16;19;21;25;26;28;30;38;46;47,
c108,0;1;3;10;13;21;26;28;38;46;47,
c109,0;1;10;13;21;26;28;46;47,
c110,0;1;2;3;4;6;12;13;16;18;19;20;21;23;25;27;28;30;32;33;34;35;38;41;46;47;48,
c111,0;1;3;5;10;13;14;17;21;26;28;38;39;44;46;47,
c112,0;1;3;4;6;10;12;13;16;18;19;21;23;25;26;27;28;30;33;34;35;38;41;46;47;48,
c113,0;1;3;6;10;12;13;16;19;21;25;26;28;30;38;46;47,
c114,0;1;2;3;4;6;12;13;16;18;19;20;21;23;25;27;28;30;32;33;34;35;38;41;46;47;48,
c115,0;1;3;5;7;10;13;14;17;21;24;26;28;36;38;39;42;44;46;47;49,0;1;3;5;7;10;13;14;17;21;24;26;28;36;38;39;42;44;46;47;49
c116,0;1;3;10;13;21;26;28;38;46;47,
c117,0;1;3;5;7;10;13;14;17;21;24;26;28;36;38;39;42;44;46;47;49,
c118,0;1;3;5;10;13;14;17;21;26;28;38;39;44;46;47,0;1;10;13;21;26;28;46;47
c119,0;10;13;26;28,
c120,0;1;3;4;6;10;12;13;16;18;19;21;23;25;26;27;28;30;33;34;35;38;41;46;47;48,
c121,0;1;10;13;21;26;28;46;47,0;1;3;10;13;21;26;28;38;46;47
c122,0;1;3;10;13;21;26;28;38;46;47,
c123,0;1;2;3;4;6;12;13;16;18;19;20;21;23;25;27;28;30;32;33;34;35;38;41;46;47;48,
c124,0;1;10;13;21;26;28;46;47,
c125,0;1;10;13;21;26;28;46;47,0;1;3;9;10;11;13;21;22;26;28;29;31;38;40;46;47
c126,0;1;3;4;6;10;12;13;16;18;19;21;23;25;26;27;28;30;33;34;35;38;41;46;47;48,
c127,0;1;3;4;6;10;12;13;16;18;19;21;23;25;26;27;28;30;33;34;35;38;41;46;47;48,
c128,0;1;3;5;7;10;13;14;17;21;24;26;28;36;38;39;42;44;46;47;49,
c129,0;1;3;10;13;21;26;28;38;46;47,
c130,0;1;2;3;4;6;12;13;16;18;19;20;21;23;25;27;28;30;32;33;34;35;38;41;46;47;48,
c131,0;1;10;13;21;26;28;46;47,
c132,0;1;3;4;6;10;12;13;16;18;19;21;23;25;26;27;28;30;33;34;35;38;41;46;47;48,
c133,0;1;3;5;10;13;14;17;21;26;28;38;39;44;46;47,
c134,0;1;10;13;21;26;28;46;47,
c135,0;10;13;26;28,
c136,0;1;3;9;10;11;13;21;22;26;28;29;31;38;40;46;47,0;1;3;5;10;13;14;17;21;26;28;38;39;44;46;47
c137,0;1;3;5;7;8;10;13;14;15;17;21;24;26;28;36;37;38;39;42;43;44;45;46;47;49,0;1;3;5;7;8;10;13;14;15;17;21;24;26;28;36;37;38;39;42;43;44;45;46;47;49
c138,0;1;3;5;10;13;14;17;21;26;28;38;39;44;46;47,0;1;3;4;6;10;12;13;16;18;19;21;23;25;26;27;28;30;33;34;35;38;41;46;47;48
c139,0;10;13;26;28,0;1;3;5;10;13;14;17;21;26;28;38;39;44;46;47
c140,0;1;2;3;4;6;12;13;16;18;19;20;21;23;25;27;28;30;32;33;34;35;38;41;46;47;48,
c141,0;10;13;26;28,
c142,0;1;3;6;10;12;13;16;19;21;25;26;28;30;38;46;47,
c143,0;1;3;5;7;8;10;13;14;15;17;21;24;26;28;36;37;38;39;42;43;44;45;46;47;49,
c144,0;1;3;4;6;10;12;13;16;18;19;21;23;25;26;27;28;30;33;34;35;38;41;46;47;48,
c145,0;1;3;5;10;13;14;17;21;26;28;38;39;44;46;47,
c146,0;10;13;26;28,
c147,0;1;10;13;21;26;28;46;47,
c148,0;1;3;5;7;8;10;13;14;15;17;21;24;26;28;36;37;38;39;42;43;44;45;46;47;49,
c149,0;1;3;10;13;21;26;28;38;46;47,
c150,0;1;2;3;4;6;12;13;16;18;19;20;21;23;25;27;28;30;32;33;34;35;38;41;46;47;48,
c151,0;1;3;5;7;8;10;13;14;15;17;21;24;26;28;36;37;38;39;42;43;44;45;46;47;49,
c152,0;1;3;5;7;10;13;14;17;21;24;26;28;36;38;39;42;44;46;47;49,
c153,0;1;3;5;7;10;13;14;17;21;24;26;28;36;38;39;42;44;46;47;49,
c154,0;1;3;4;6;10;12;13;16;18;19;21;23;25;26;27;28;30;33;34;35;38;41;46;47;48,0;1;3;5;10;13;14;17;21;26;28;38;39;44;46;47
c155,0;1;3;10;13;21;26;28;38;46;47,
c156,0;1;3;5;10;13;14;17;21;26;28;38;39;44;46;47,
c157,0;1;3;6;10;12;13;16;19;21;25;26;28;30;38;46;47,
c158,0;1;3;5;7;8;10;13;14;15;17;21;24;26;28;36;37;38;39;42;43;44;45;46;47;49,
c159,0;1;3;4;6;10;12;13;16;18;19;21;23;25;26;27;28;30;33;34;35;38;41;46;47;48,0;1;10;13;21;26;28;46;47
c160,0;1;3;5;10;13;14;17;21;26;28;38;39;44;46;47,
c161,0;1;3;5;7;10;13;14;17;21;24;26;28;36;38;39;42;44;46;47;49,
c162,0;1;3;5;10;13;14;17;21;26;28;38;39;44;46;47,
c163,0;1;10;13;21;26;28;46;47,
c164,0;1;3;5;10;13;14;17;21;26;28;38;39;44;46;47,
c165,0;1;3;4;6;10;12;13;16;18;19;21;23;25;26;27;28;30;33;34;35;38;41;46;47;48,
c166,0;10;13;26;28,
c167,0;1;3;9;10;11;13;21;22;26;28;29;31;38;40;46;47,
c168,0;1;3;5;10;13;14;17;21;26;28;38;39;44;46;47,0;10;13;26;28
c169,0;1;3;6;10;12;13;16;19;21;25;26;28;30;38;46;47,
c170,0;1;3;4;6;10;12;13;16;18;19;21;23;25;26;27;28;30;33;34;35;38;41;46;47;48,
c171,0;1;3;5;10;13;14;17;21;26;28;38;39;44;46;47,
c172,0;1;3;5;7;10;13;14;17;21;24;26;28;36;38;39;42;44;46;47;49,
c173,0;1;10;13;21;26;28;46;47,
c174,0;1;10;13;21;26;28;46;47,
c175,0;1;10;13;21;26;28;46;47,
c176,0;1;3;5;7;10;13;14;17;21;24;26;28;36;38;39;42;44;46;47;49,
c177,0;1;3;5;10;13;14;17;21;26;28;38;39;44;46;47,
c178,0;1;3;6;10;12;13;16;19;21;25;26;28;30;38;46;47,
c179,0;1;3;10;13;21;26;28;38;46;47,
c180,0;1;3;5;7;10;13;14;17;21;24;26;28;36;38;39;42;44;46;47;49,
c181,0;1;3;5;7;10;13;14;17;21;24;26;28;36;38;39;42;44;46;47;49,
c182,0;1;3;5;7;8;10;13;14;15;17;21;24;26;28;36;37;38;39;42;43;44;45;46;47;49,
c183,0;1;3;5;7;10;13;14;17;21;24;26;28;36;38;39;42;44;46;47;49,
c184,0;1;3;6;10;12;13;16;19;21;25;26;28;30;38;46;47,
c185,0;10;13;26;28,
c186,0;1;3;4;6;10;12;13;16;18;19;21;23;25;26;27;28;30;33;34;35;38;41;46;47;48,
c187,0;1;3;5;7;10;13;14;17;21;24;26;28;36;38;39;42;44;46;47;49,
c188,0;1;3;4;6;10;12;13;16;18;19;21;23;25;26;27;28;30;33;34;35;38;41;46;47;48,
c189,0;1;3;9;10;11;13;21;22;26;28;29;31;38;40;46;47,
c190,0;1;10;13;21;26;28;46;47,0;1;3;5;7;8;10;13;14;15;17;21;24;26;28;36;37;38;39;42;43;44;45;46;47;49
c191,0;1;3;10;13;21;26;28;38;46;47,
c192,0;1;3;5;10;13;14;17;21;26;28;38;39;44;46;47,
c193,0;1;10;13;21;26;28;46;47,
c194,0;1;3;5;10;13;14;17;21;26;28;38;39;44;46;47,0;1;3;10;13;21;26;28;38;46;47
c195,0;10;13;26;28,
c196,0;1;3;5;10;13;14;17;21;26;28;38;39;44;46;47,
c197,0;1;3;5;10;13;14;17;21;26;28;38;39;44;46;47,0;1;3;6;10;12;13;16;19;21;25;26;28;30;38;46;47
c198,0;1;3;5;7;10;13;14;17;21;24;26;28;36;38;39;42;44;46;47;49,
c199,0;1;3;6;10;12;13;16;19;21;25;26;28;30;38;46;47,
c200,0;1;3;10;13;21;26;28;38;46;47,
c201,0;1;3;5;7;10;13;14;17;21;24;26;28;36;38;39;42;44;46;47;49,
c202,0;1;10;13;21;26;28;46;47,0;10;13;26;28
c203,0;1;3;5;10;13;14;17;21;26;28;38;39;44;46;47,
c204,0;1;3;10;13;21;26;28;38;46;47,0;1;2;3;4;6;12;13;16;18;19;20;21;23;25;27;28;30;32;33;34;35;38;41;46;47;48
c205,0;1;3;4;6;10;12;13;16;18;19;21;23;25;26;27;28;30;33;34;35;38;41;46;47;48,
c206,0;1;2;3;4;6;12;13;16;18;19;20;21;23;25;27;28;30;32;33;34;35;38;41;46;47;48,
c207,0;1;2;3;4;6;12;13;16;18;19;20;21;23;25;27;28;30;32;33;34;35;38;41;46;47;48,
c208,0;1;2;3;4;6;12;13;16;18;19;20;21;23;25;27;28;30;32;33;34;35;38;41;46;47;48,0;1;3;5;10;13;14;17;21;26;28;38;39;44;46;47
c209,0;1;10;13;21;26;28;46;47,
c210,0;1;3;10;13;21;26;28;38;46;47,
c211,0;1;3;4;6;10;12;13;16;18;19;21;23;25;26;27;28;30;33;34;35;38;41;46;47;48,
c212,0;1;3;4;6;10;12;13;16;18;19;21;23;25;26;27;28;30;33;34;35;38;41;46;47;48,0;1;3;6;10;12;13;16;19;21;25;26;28;30;38;46;47
c213,0;1;3;10;13;21;26;28;38;46;47,
c214,0;10;13;26;28,0;1;3;4;6;10;12;13;16;18;19;21;23;25;26;27;28;30;33;34;35;38;41;46;47;48
c215,0;1;3;4;6;10;12;13;16;18;19;21;23;25;26;27;28;30;33;34;35;38;41;46;47;48,
c216,0;1;3;5;10;13;14;17;21;26;28;38;39;44;46;47,
c217,0;1;3;5;10;13;14;17;21;26;28;38;39;44;46;47,
c218,0;1;10;13;21;26;28;46;47,
c219,0;1;3;4;6;10;12;13;16;18;19;21;23;25;26;27;28;30;33;34;35;38;41;46;47;48,
c220,0;1;3;5;10;13;14;17;21;26;28;38;39;44;46;47,
c221,0;1;10;13;21;26;28;46;47,0;1;3;5;10;13;14;17;21;26;28;38;39;44;46;47
c222,0;1;3;4;6;10;12;13;16;18;19;21;23;25;26;27;28;30;33;34;35;38;41;46;47;48,0;1;3;5;10;13;14;17;21;26;28;38;39;44;46;47
c223,0;1;3;5;10;13;14;17;21;26;28;38;39;44;46;47,
c224,0;1;2;3;4;6;12;13;16;18;19;20;21;23;25;27;28;30;32;33;34;35;38;41;46;47;48,
c225,0;1;3;10;13;21;26;28;38;46;47,
c226,0;1;3;4;6;10;12;13;16;18;19;21;23;25;26;27;28;30;33;34;35;38;41;46;47;48,
c227,0;1;10;13;21;26;28;46;47,
c228,0;10;13;26;28,
c229,0;1;3;5;7;8;10;13;14;15;17;21;24;26;28;36;37;38;39;42;43;44;45;46;47;49,
c230,0;1;3;4;6;10;12;13;16;18;19;21;23;25;26;27;28;30;33;34;35;38;41;46;47;48,
c231,0;1;3;4;6;10;12;13;16;18;19;21;23;25;26;27;28;30;33;34;35;38;41;46;47;48,0;1;3;5;10;13;14;17;21;26;28;38;39;44;46;47
c232,0;1;3;5;7;10;13;14;17;21;24;26;28;36;38;39;42;44;46;47;49,
c233,0;1;3;5;7;10;13;14;17;21;24;26;28;36;38;39;42;44;46;47;49,
c234,0;1;3;5;7;10;13;14;17;21;24;26;28;36;38;39;42;44;46;47;49,
c235,0;1;3;10;13;21;26;28;38;46;47,
c236,0;1;3;10;13;21;26;28;38;46;47,
c237,0;1;3;5;7;10;13;14;17;21;24;26;28;36;38;39;42;44;46;47;49,0;10;13;26;28
c238,0;1;2;3;4;6;12;13;16;18;19;20;21;23;25;27;28;30;32;33;34;35;38;41;46;47;48,
c239,0;1;2;3;4;6;12;13;16;18;19;20;21;23;25;27;28;30;32;33;34;35;38;41;46;47;48,
c240,0;1;3;4;6;10;12;13;16;18;19;21;23;25;26;27;28;30;33;34;35;38;41;46;47;48,
c241,0;1;3;4;6;10;12;13;16;18;19;21;23;25;26;27;28;30;33;34;35;38;41;46;47;48,
c242,0;10;13;26;28,
c243,0;1;3;5;7;8;10;13;14;15;17;21;24;26;28;36;37;38;39;42;43;44;45;46;47;49,
c244,0;1;3;10;13;21;26;28;38;46;47,
c245,0;1;3;5;10;13;14;17;21;26;28;38;39;44;46;47,
c246,0;1;3;4;6;10;12;13;16;18;19;21;23;25;26;27;28;30;33;34;35;38;41;46;47;48,
c247,0;1;3;4;6;10;12;13;16;18;19;21;23;25;26;27;28;30;33;34;35;38;41;46;47;48,0;1;3;5;7;8;10;13;14;15;17;21;24;26;28;36;37;38;39;42;43;44;45;46;47;49
c248,0;1;3;5;10;13;14;17;21;26;28;38;39;44;46;47,
c249,0;1;10;13;21;26;28;46;47,
c250,0;1;3;6;10;12;13;16;19;21;25;26;28;30;38;46;47,
c251,0;1;10;13;21;26;28;46;47,
c252,0;1;3;4;6;10;12;13;16;18;19;21;23;25;26;27;28;30;33;34;35;38;41;46;47;48,
c253,0;1;10;13;21;26;28;46;47,
c254,0;1;3;4;6;10;12;13;16;18;19;21;23;25;26;27;28;30;33;34;35;38;41;46;47;48,0;1;3;9;10;11;13;21;22;26;28;29;31;38;40;46;47
c255,0;10;13;26;28,
c256,0;1;10;13;21;26;28;46;47,0;1;3;5;7;10;13;14;17;21;24;26;28;36;38;39;42;44;46;47;49
c257,0;1;3;6;10;12;13;16;19;21;25;26;28;30;38;46;47,
c258,0;10;13;26;28,0;1;3;10;13;21;26;28;38;46;47
c259,0;10;13;26;28,
c260,0;10;13;26;28,
c261,0;1;3;9;10;11;13;21;22;26;28;29;31;38;40;46;47,
c262,0;1;2;3;4;6;12;13;16;18;19;20;21;23;25;27;28;30;32;33;34;35;38;41;46;47;48,0;1;3;5;7;8;10;13;14;15;17;21;24;26;28;36;37;38;39;42;43;44;45;46;47;49
c263,0;1;3;5;10;13;14;17;21;26;28;38;39;44;46;47,
c264,0;1;3;6;10;12;13;16;19;21;25;26;28;30;38;46;47,
c265,0;1;10;13;21;26;28;46;47,
c266,0;1;10;13;21;26;28;46;47,
c267,0;1;3;6;10;12;13;16;19;21;25;26;28;30;38;46;47,
c268,0;1;3;5;10;13;14;17;21;26;28;38;39;44;46;47,0;1;3;10;13;21;26;28;38;46;47
c269,0;1;3;6;10;12;13;16;19;21;25;26;28;30;38;46;47,
c270,0;1;10;13;21;26;28;46;47,
c271,0;1;3;9;10;11;13;21;22;26;28;29;31;38;40;46;47,0;10;13;26;28
c272,0;1;3;5;10;13;14;17;21;26;28;38;39;44;46;47,
c273,0;1;10;13;21;26;28;46;47,
c274,0;1;3;5;7;10;13;14;17;21;24;26;28;36;38;39;42;44;46;47;49,0;1;3;4;6;10;12;13;16;18;19;21;23;25;26;27;28;30;33;34;35;38;41;46;47;48
c275,0;1;3;5;10;13;14;17;21;26;28;38;39;44;46;47,
c276,0;1;10;13;21;26;28;46;47,0;1;3;5;7;8;10;13;14;15;17;21;24;26;28;36;37;38;39;42;43;44;45;46;47;49
c277,0;1;3;5;7;10;13;14;17;21;24;26;28;36;38;39;42;44;46;47;49,
c278,0;1;2;3;4;6;12;13;16;18;19;20;21;23;25;27;28;30;32;33;34;35;38;41;46;47;48,
c279,0;1;3;5;7;8;10;13;14;15;17;21;24;26;28;36;37;38;39;42;43;44;45;46;47;49,0;1;3;5;10;13;14;17;21;26;28;38;39;44;46;47
c280,0;1;2;3;4;6;12;13;16;18;19;20;21;23;25;27;28;30;32;33;34;35;38;41;46;47;48,
c281,0;1;3;4;6;10;12;13;16;18;19;21;23;25;26;27;28;30;33;34;35;38;41;46;47;48,
c282,0;1;3;4;6;10;12;13;16;18;19;21;23;25;26;27;28;30;33;34;35;38;41;46;47;48,
c283,0;1;3;6;10;12;13;16;19;21;25;26;28;30;38;46;47,
c284,0;1;10;13;21;26;28;46;47,
c285,0;1;3;5;10;13;14;17;21;26;28;38;39;44;46;47,
c286,0;1;3;6;10;12;13;16;19;21;25;26;28;30;38;46;47,0;1;3;4;6;10;12;13;16;18;19;21;23;25;26;27;28;30;33;34;35;38;41;46;47;48
c287,0;1;3;5;10;13;14;17;21;26;28;38;39;44;46;47,
c288,0;1;3;6;10;12;13;16;19;21;25;26;28;30;38;46;47,
c289,0;1;3;10;13;21;26;28;38;46;47,
c290,0;1;3;6;10;12;13;16;19;21;25;26;28;30;38;46;47,
c291,0;1;10;13;21;26;28;46;47,
c292,0;1;10;13;21;26;28;46;47,
c293,0;1;3;4;6;10;12;13;16;18;19;21;23;25;26;27;28;30;33;34;35;38;41;46;47;48,
c294,0;1;3;5;10;13;14;17;21;26;28;38;39;44;46;47,
c295,0;1;3;4;6;10;12;13;16;18;19;21;23;25;26;27;28;30;33;34;35;38;41;46;47;48,
c296,0;1;3;5;7;8;10;13;14;15;17;21;24;26;28;36;37;38;39;42;43;44;45;46;47;49,
c297,0;1;3;5;7;10;13;14;17;21;24;26;28;36;38;39;42;44;46;47;49,
c298,0;1;10;13;21;26;28;46;47,
c299,0;1;3;4;6;10;12;13;16;18;19;21;23;25;26;27;28;30;33;34;35;38;41;46;47;48,
c300,0;1;3;4;6;10;12;13;16;18;19;21;23;25;26;27;28;30;33;34;35;38;41;46;47;48,
c301,0;1;10;13;21;26;28;46;47,
c302,0;1;3;5;10;13;14;17;21;26;28;38;39;44;46;47,
c303,0;1;3;4;6;10;12;13;16;18;19;21;23;25;26;27;28;30;33;34;35;38;41;46;47;48,
c304,0;1;3;5;7;8;10;13;14;15;17;21;24;26;28;36;37;38;39;42;43;44;45;46;47;49,
c305,0;1;2;3;4;6;12;13;16;18;19;20;21;23;25;27;28;30;32;33;34;35;38;41;46;47;48,
c306,0;1;3;5;7;10;13;14;17;21;24;26;28;36;38;39;42;44;46;47;49,
c307,0;1;3;6;10;12;13;16;19;21;25;26;28;30;38;46;47,
c308,0;1;3;10;13;21;26;28;38;46;47,0;1;3;5;7;8;10;13;14;15;17;21;24;26;28;36;37;38;39;42;43;44;45;46;47;49
c309,0;1;3;5;10;13;14;17;21;26;28;38;39;44;46;47,
c310,0;1;3;4;6;10;12;13;16;18;19;21;23;25;26;27;28;30;33;34;35;38;41;46;47;48,
c311,0;1;10;13;21;26;28;46;47,
c312,0;1;3;5;7;8;10;13;14;15;17;21;24;26;28;36;37;38;39;42;43;44;45;46;47;49,
c313,0;1;10;13;21;26;28;46;47,
c314,0;1;3;10;13;21;26;28;38;46;47,
c315,0;1;3;4;6;10;12;13;16;18;19;21;23;25;26;27;28;30;33;34;35;38;41;46;47;48,
c316,0;1;3;4;6;10;12;13;16;18;19;21;23;25;26;27;28;30;33;34;35;38;41;46;47;48,
c317,0;1;3;9;10;11;13;21;22;26;28;29;31;38;40;46;47,0;1;3;5;7;8;10;13;14;15;17;21;24;26;28;36;37;38;39;42;43;44;45;46;47;49
c318,0;1;3;5;10;13;14;17;21;26;28;38;39;44;46;47,0;1;3;4;6;10;12;13;16;18;19;21;23;25;26;27;28;30;33;34;35;38;41;46;47;48
c319,0;1;10;13;21;26;28;46;47,
c320,0;1;3;4;6;10;12;13;16;18;19;21;23;25;26;27;28;30;33;34;35;38;41;46;47;48,
c321,0;1;3;5;10;13;14;17;21;26;28;38;39;44;46;47,
c322,0;1;2;3;4;6;12;13;16;18;19;20;21;23;25;27;28;30;32;33;34;35;38;41;46;47;48,0;1;10;13;21;26;28;46;47
c323,0;1;3;4;6;10;12;13;16;18;19;21;23;25;26;27;28;30;33;34;35;38;41;46;47;48,
c324,0;1;3;4;6;10;12;13;16;18;19;21;23;25;26;27;28;30;33;34;35;38;41;46;47;48,0;1;3;4;6;10;12;13;16;18;19;21;23;25;26;27;28;30;33;34;35;38;41;46;47;48
c325,0;1;10;13;21;26;28;46;47,
c326,0;1;2;3;4;6;12;13;16;18;19;20;21;23;25;27;28;30;32;33;34;35;38;41;46;47;48,
c327,0;1;3;5;7;10;13;14;17;21;24;26;28;36;38;39;42;44;46;47;49,
c328,0;1;3;4;6;10;12;13;16;18;19;21;23;25;26;27;28;30;33;34;35;38;41;46;47;48,0;1;3;5;7;8;10;13;14;15;17;21;24;26;28;36;37;38;39;42;43;44;45;46;47;49
c329,0;1;3;10;13;21;26;28;38;46;47,0;1;3;4;6;10;12;13;16;18;19;21;23;25;26;27;28;30;33;34;35;38;41;46;47;48
c330,0;1;2;3;4;6;12;13;16;18;19;20;21;23;25;27;28;30;32;33;34;35;38;41;46;47;48,0;1;2;3;4;6;12;13;16;18;19;20;21;23;25;27;28;30;32;33;34;35;38;41;46;47;48
c331,0;1;3;9;10;11;13;21;22;26;28;29;31;38;40;46;47,
c332,0;1;10;13;21;26;28;46;47,
c333,0;1;3;5;7;10;13;14;17;21;24;26;28;36;38;39;42;44;46;47;49,
c334,0;1;3;5;7;10;13;14;17;21;24;26;28;36;38;39;42;44;46;47;49,
c335,0;1;3;5;10;13;14;17;21;26;28;38;39;44;46;47,
c336,0;1;10;13;21;26;28;46;47,0;1;3;9;10;11;13;21;22;26;28;29;31;38;40;46;47
c337,0;1;10;13;21;26;28;46;47,
c338,0;1;2;3;4;6;12;13;16;18;19;20;21;23;25;27;28;30;32;33;34;35;38;41;46;47;48,
c339,0;1;3;6;10;12;13;16;19;21;25;26;28;30;38;46;47,
c340,0;10;13;26;28,
c341,0;1;10;13;21;26;28;46;47,
c342,0;1;2;3;4;6;12;13;16;18;19;20;21;23;25;27;28;30;32;33;34;35;38;41;46;47;48,0;1;3;4;6;10;12;13;16;18;19;21;23;25;26;27;28;30;33;34;35;38;41;46;47;48
c343,0;1;3;6;10;12;13;16;19;21;25;26;28;30;38;46;47,0;1;2;3;4;6;12;13;16;18;19;20;21;23;25;27;28;30;32;33;34;35;38;41;46;47;48
c344,0;1;3;5;7;8;10;13;14;15;17;21;24;26;28;36;37;38;39;42;43;44;45;46;47;49,
c345,0;1;3;5;10;13;14;17;21;26;28;38;39;44;46;47,
c346,0;1;2;3;4;6;12;13;16;18;19;20;21;23;25;27;28;30;32;33;34;35;38;41;46;47;48,
c347,0;1;3;5;10;13;14;17;21;26;28;38;39;44;46;47,
c348,0;1;3;5;7;8;10;13;14;15;17;21;24;26;28;36;37;38;39;42;43;44;45;46;47;49,
c349,0;1;2;3;4;6;12;13;16;18;19;20;21;23;25;27;28;30;32;33;34;35;38;41;46;47;48,
c350,0;1;3;5;7;8;10;13;14;15;17;21;24;26;28;36;37;38;39;42;43;44;45;46;47;49,
c351,0;1;3;4;6;10;12;13;16;18;19;21;23;25;26;27;28;30;33;34;35;38;41;46;47;48,
c352,0;1;2;3;4;6;12;13;16;18;19;20;21;23;25;27;28;30;32;33;34;35;38;41;46;47;48,0;1;3;5;10;13;14;17;21;26;28;38;39;44;46;47
c353,0;1;2;3;4;6;12;13;16;18;19;20;21;23;25;27;28;30;32;33;34;35;38;41;46;47;48,
c354,0;1;3;5;7;10;13;14;17;21;24;26;28;36;38;39;42;44;46;47;49,0;1;10;13;21;26;28;46;47
c355,0;1;3;9;10;11;13;21;22;26;28;29;31;38;40;46;47,
c356,0;1;3;10;13;21;26;28;38;46;47,0;1;3;4;6;10;12;13;16;18;19;21;23;25;26;27;28;30;33;34;35;38;41;46;47;48
c357,0;1;3;6;10;12;13;16;19;21;25;26;28;30;38;46;47,0;1;3;5;7;8;10;13;14;15;17;21;24;26;28;36;37;38;39;42;43;44;45;46;47;49
c358,0;1;10;13;21;26;28;46;47,
c359,0;1;10;13;21;26;28;46;47,
c360,0;1;3;5;10;13;14;17;21;26;28;38;39;44;46;47,
c361,0;10;13;26;28,
c362,0;1;3;4;6;10;12;13;16;18;19;21;23;25;26;27;28;30;33;34;35;38;41;46;47;48,
c363,0;1;3;5;10;13;14;17;21;26;28;38;39;44;46;47,
c364,0;1;3;6;10;12;13;16;19;21;25;26;28;30;38;46;47,
c365,0;1;3;5;7;8;10;13;14;15;17;21;24;26;28;36;37;38;39;42;43;44;45;46;47;49,0;1;3;5;7;8;10;13;14;15;17;21;24;26;28;36;37;38;39;42;43;44;45;46;47;49
c366,0;1;3;10;13;21;26;28;38;46;47,0;1;3;4;6;10;12;13;16;18;19;21;23;25;26;27;28;30;33;34;35;38;41;46;47;48
c367,0;1;3;5;10;13;14;17;21;26;28;38;39;44;46;47,0;1;3;6;10;12;13;16;19;21;25;26;28;30;38;46;47
c368,0;10;13;26;28,
c369,0;1;3;9;10;11;13;21;22;26;28;29;31;38;40;46;47,
c370,0;1;3;9;10;11;13;21;22;26;28;29;31;38;40;46;47,
c371,0;1;10;13;21;26;28;46;47,
c372,0;1;3;5;7;8;10;13;14;15;17;21;24;26;28;36;37;38;39;42;43;44;45;46;47;49,
c373,0;1;2;3;4;6;12;13;16;18;19;20;21;23;25;27;28;30;32;33;34;35;38;41;46;47;48,
c374,0;1;3;5;7;10;13;14;17;21;24;26;28;36;38;39;42;44;46;47;49,
c375,0;1;3;5;10;13;14;17;21;26;28;38;39;44;46;47,
c376,0;1;3;9;10;11;13;21;22;26;28;29;31;38;40;46;47,
c377,0;1;2;3;4;6;12;13;16;18;19;20;21;23;25;27;28;30;32;33;34;35;38;41;46;47;48,
c378,0;1;3;4;6;10;12;13;16;18;19;21;23;25;26;27;28;30;33;34;35;38;41;46;47;48,0;1;3;4;6;10;12;13;16;18;19;21;23;25;26;27;28;30;33;34;35;38;41;46;47;48
c379,0;1;3;5;10;13;14;17;21;26;28;38;39;44;46;47,
c380,0;1;3;5;10;13;14;17;21;26;28;38;39;44;46;47,
c381,0;1;3;4;6;10;12;13;16;18;19;21;23;25;26;27;28;30;33;34;35;38;41;46;47;48,
c382,0;1;3;10;13;21;26;28;38;46;47,
c383,0;1;3;5;7;8;10;13;14;15;17;21;24;26;28;36;37;38;39;42;43;44;45;46;47;49,0;1;3;5;10;13;14;17;21;26;28;38;39;44;46;47
c384,0;1;3;9;10;11;13;21;22;26;28;29;31;38;40;46;47,
c385,0;1;3;5;10;13;14;17;21;26;28;38;39;44;46;47,
c386,0;1;3;5;7;10;13;14;17;21;24;26;28;36;38;39;42;44;46;47;49,0;1;3;5;7;10;13;14;17;21;24;26;28;36;38;39;42;44;46;47;49
c387,0;1;10;13;21;26;28;46;47,
c388,0;10;13;26;28,
c389,0;1;3;6;10;12;13;16;19;21;25;26;28;30;38;46;47,
c390,0;1;10;13;21;26;28;46;47,
c391,0;1;3;5;10;13;14;17;21;26;28;38;39;44;46;47,
c392,0;1;3;5;7;8;10;13;14;15;17;21;24;26;28;36;37;38;39;42;43;44;45;46;47;49,
c393,0;1;3;5;7;8;10;13;14;15;17;21;24;26;28;36;37;38;39;42;43;44;45;46;47;49,
c394,0;1;3;9;10;11;13;21;22;26;28;29;31;38;40;46;47,
c395,0;1;3;9;10;11;13;21;22;26;28;29;31;38;40;46;47,
c396,0;10;13;26;28,
c397,0;1;10;13;21;26;28;46;47,
c398,0;1;3;9;10;11;13;21;22;26;28;29;31;38;40;46;47,
c399,0;1;3;5;7;10;13;14;17;21;24;26;28;36;38;39;42;44;46;47;49,
c400,0;10;13;26;28,
c401,0;10;13;26;28,
c402,0;1;3;5;10;13;14;17;21;26;28;38;39;44;46;47,
c403,0;1;10;13;21;26;28;46;47,0;1;3;5;10;13;14;17;21;26;28;38;39;44;46;47
c404,0;1;3;4;6;10;12;13;16;18;19;21;23;25;26;27;28;30;33;34;35;38;41;46;47;48,
c405,0;1;3;5;10;13;14;17;21;26;28;38;39;44;46;47,
c406,0;1;3;5;10;13;14;17;21;26;28;38;39;44;46;47,0;1;3;5;10;13;14;17;21;26;28;38;39;44;46;47
c407,0;1;10;13;21;26;28;46;47,
c408,0;1;10;13;21;26;28;46;47,0;1;10;13;21;26;28;46;47
c409,0;1;10;13;21;26;28;46;47,
c410,0;1;3;4;6;10;12;13;16;18;19;21;23;25;26;27;28;30;33;34;35;38;41;46;47;48,
c411,0;1;3;6;10;12;13;16;19;21;25;26;28;30;38;46;47,
c412,0;1;3;4;6;10;12;13;16;18;19;21;23;25;26;27;28;30;33;34;35;38;41;46;47;48,0;1;10;13;21;26;28;46;47
c413,0;1;3;10;13;21;26;28;38;46;47,
c414,0;1;3;9;10;11;13;21;22;26;28;29;31;38;40;46;47,
c415,0;1;3;6;10;12;13;16;19;21;25;26;28;30;38;46;47,
c416,0;1;10;13;21;26;28;46;47,
c417,0;1;3;5;10;13;14;17;21;26;28;38;39;44;46;47,0;1;3;5;10;13;14;17;21;26;28;38;39;44;46;47
c418,0;1;3;9;10;11;13;21;22;26;28;29;31;38;40;46;47,
c419,0;1;3;9;10;11;13;21;22;26;28;29;31;38;40;46;47,
c420,0;1;10;13;21;26;28;46;47,
c421,0;1;3;4;6;10;12;13;16;18;19;21;23;25;26;27;28;30;33;34;35;38;41;46;47;48,
c422,0;1;2;3;4;6;12;13;16;18;19;20;21;23;25;27;28;30;32;33;34;35;38;41;46;47;48,
c423,0;1;3;5;10;13;14;17;21;26;28;38;39;44;46;47,
c424,0;1;3;5;10;13;14;17;21;26;28;38;39;44;46;47,0;1;3;10;13;21;26;28;38;46;47
c425,0;1;3;5;10;13;14;17;21;26;28;38;39;44;46;47,
c426,0;1;3;5;7;10;13;14;17;21;24;26;28;36;38;39;42;44;46;47;49,
c427,0;1;3;9;10;11;13;21;22;26;28;29;31;38;40;46;47,
c428,0;1;3;5;7;10;13;14;17;21;24;26;28;36;38;39;42;44;46;47;49,
c429,0;1;10;13;21;26;28;46;47,
c430,0;1;3;9;10;11;13;21;22;26;28;29;31;38;40;46;47,
c431,0;1;3;5;7;10;13;14;17;21;24;26;28;36;38;39;42;44;46;47;49,
c432,0;1;3;10;13;21;26;28;38;46;47,
c433,0;1;3;10;13;21;26;28;38;46;47,
c434,0;1;3;5;10;13;14;17;21;26;28;38;39;44;46;47,
c435,0;1;3;5;10;13;14;17;21;26;28;38;39;44;46;47,
c436,0;1;2;3;4;6;12;13;16;18;19;20;21;23;25;27;28;30;32;33;34;35;38;41;46;47;48,
c437,0;1;3;9;10;11;13;21;22;26;28;29;31;38;40;46;47,
c438,0;1;3;5;7;8;10;13;14;15;17;21;24;26;28;36;37;38;39;42;43;44;45;46;47;49,
c439,0;10;13;26;28,0;1;3;4;6;10;12;13;16;18;19;21;23;25;26;27;28;30;33;34;35;38;41;46;47;48
c440,0;1;3;5;7;8;10;13;14;15;17;21;24;26;28;36;37;38;39;42;43;44;45;46;47;49,
c441,0;1;10;13;21;26;28;46;47,
c442,0;10;13;26;28,
c443,0;10;13;26;28,0;1;3;5;7;8;10;13;14;15;17;21;24;26;28;36;37;38;39;42;43;44;45;46;47;49
c444,0;1;3;5;7;8;10;13;14;15;17;21;24;26;28;36;37;38;39;42;43;44;45;46;47;49,0;1;10;13;21;26;28;46;47
c445,0;1;2;3;4;6;12;13;16;18;19;20;21;23;25;27;28;30;32;33;34;35;38;41;46;47;48,
c446,0;1;3;5;10;13;14;17;21;26;28;38;39;44;46;47,
c447,0;1;3;4;6;10;12;13;16;18;19;21;23;25;26;27;28;30;33;34;35;38;41;46;47;48,
c448,0;1;3;10;13;21;26;28;38;46;47,0;1;3;9;10;11;13;21;22;26;28;29;31;38;40;46;47
c449,0;1;3;6;10;12;13;16;19;21;25;26;28;30;38;46;47,0;1;3;5;10;13;14;17;21;26;28;38;39;44;46;47
c450,0;1;3;4;6;10;12;13;16;18;19;21;23;25;26;27;28;30;33;34;35;38;41;46;47;48,
c451,0;1;3;5;7;8;10;13;14;15;17;21;24;26;28;36;37;38;39;42;43;44;45;46;47;49,0;1;2;3;4;6;12;13;16;18;19;20;21;23;25;27;28;30;32;33;34;35;38;41;46;47;48
c452,0;1;3;5;7;8;10;13;14;15;17;21;24;26;28;36;37;38;39;42;43;44;45;46;47;49,
c453,0;1;3;4;6;10;12;13;16;18;19;21;23;25;26;27;28;30;33;34;35;38;41;46;47;48,
c454,0;1;2;3;4;6;12;13;16;18;19;20;21;23;25;27;28;30;32;33;34;35;38;41;46;47;48,
c455,0;1;3;6;10;12;13;16;19;21;25;26;28;30;38;46;47,
c456,0;1;3;4;6;10;12;13;16;18;19;21;23;25;26;27;28;30;33;34;35;38;41;46;47;48,
c457,0;1;3;5;10;13;14;17;21;26;28;38;39;44;46;47,
c458,0;1;3;5;10;13;14;17;21;26;28;38;39;44;46;47,0;1;2;3;4;6;12;13;16;18;19;20;21;23;25;27;28;30;32;33;34;35;38;41;46;47;48
c459,0;1;3;5;7;8;10;13;14;15;17;21;24;26;28;36;37;38;39;42;43;44;45;46;47;49,
c460,0;1;10;13;21;26;28;46;47,
c461,0;1;3;10;13;21;26;28;38;46;47,0;10;13;26;28
c462,0;1;3;10;13;21;26;28;38;46;47,
c463,0;1;3;5;10;13;14;17;21;26;28;38;39;44;46;47,0;1;3;5;7;8;10;13;14;15;17;21;24;26;28;36;37;38;39;42;43;44;45;46;47;49
c464,0;1;3;5;10;13;14;17;21;26;28;38;39;44;46;47,
c465,0;1;3;6;10;12;13;16;19;21;25;26;28;30;38;46;47,
c466,0;1;3;5;10;13;14;17;21;26;28;38;39;44;46;47,0;1;3;5;7;8;10;13;14;15;17;21;24;26;28;36;37;38;39;42;43;44;45;46;47;49
c467,0;1;10;13;21;26;28;46;47,
c468,0;1;3;5;7;8;10;13;14;15;17;21;24;26;28;36;37;38;39;42;43;44;45;46;47;49,
c469,0;1;2;3;4;6;12;13;16;18;19;20;21;23;25;27;28;30;32;33;34;35;38;41;46;47;48,
c470,0;1;10;13;21;26;28;46;47,
c471,0;1;10;13;21;26;28;46;47,
c472,0;1;10;13;21;26;28;46;47,
c473,0;1;3;5;7;8;10;13;14;15;17;21;24;26;28;36;37;38;39;42;43;44;45;46;47;49,0;1;3;5;7;10;13;14;17;21;24;26;28;36;38;39;42;44;46;47;49
c474,0;1;10;13;21;26;28;46;47,
c475,0;1;10;13;21;26;28;46;47,0;1;3;4;6;10;12;13;16;18;19;21;23;25;26;27;28;30;33;34;35;38;41;46;47;48
c476,0;1;3;5;7;8;10;13;14;15;17;21;24;26;28;36;37;38;39;42;43;44;45;46;47;49,
c477,0;1;2;3;4;6;12;13;16;18;19;20;21;23;25;27;28;30;32;33;34;35;38;41;46;47;48,0;10;13;26;28
c478,0;1;10;13;21;26;28;46;47,
c479,0;1;10;13;21;26;28;46;47,
c480,0;1;3;5;10;13;14;17;21;26;28;38;39;44;46;47,
c481,0;1;3;9;10;11;13;21;22;26;28;29;31;38;40;46;47,
c482,0;1;3;10;13;21;26;28;38;46;47,
c483,0;1;10;13;21;26;28;46;47,0;1;3;5;10;13;14;17;21;26;28;38;39;44;46;47
c484,0;1;10;13;21;26;28;46;47,
c485,0;1;3;5;7;8;10;13;14;15;17;21;24;26;28;36;37;38;39;42;43;44;45;46;47;49,
c486,0;1;3;5;7;8;10;13;14;15;17;21;24;26;28;36;37;38;39;42;43;44;45;46;47;49,
c487,0;1;3;4;6;10;12;13;16;18;19;21;23;25;26;27;28;30;33;34;35;38;41;46;47;48,
c488,0;10;13;26;28,
c489,0;1;3;4;6;10;12;13;16;18;19;21;23;25;26;27;28;30;33;34;35;38;41;46;47;48,
c490,0;1;3;5;10;13;14;17;21;26;28;38;39;44;46;47,
c491,0;1;10;13;21;26;28;46;47,
c492,0;1;3;6;10;12;13;16;19;21;25;26;28;30;38;46;47,
c493,0;1;2;3;4;6;12;13;16;18;19;20;21;23;25;27;28;30;32;33;34;35;38;41;46;47;48,
c494,0;1;3;5;10;13;14;17;21;26;28;38;39;44;46;47,
c495,0;1;3;5;10;13;14;17;21;26;28;38;39;44;46;47,
c496,0;1;3;5;7;10;13;14;17;21;24;26;28;36;38;39;42;44;46;47;49,
c497,0;1;3;5;7;8;10;13;14;15;17;21;24;26;28;36;37;38;39;42;43;44;45;46;47;49,
c498,0;1;3;4;6;10;12;13;16;18;19;21;23;25;26;27;28;30;33;34;35;38;41;46;47;48,
c499,0;1;3;5;10;13;14;17;21;26;28;38;39;44;46;47,0;1;3;5;7;10;13;14;17;21;24;26;28;36;38;39;42;44;46;47;49
c500,0;1;10;13;21;26;28;46;47,
